# Blender v2.82 (sub 7) OBJ File: 'stub_stellated_octahedron.blend'
# www.blender.org
mtllib stub_stellated_octahedron.mtl
o Cube
v 0.000000 0.000000 -1.000000
v 1.000000 0.000000 0.000000
v 0.000000 -1.000000 0.000000
v -1.000000 0.000000 0.000000
v 0.000000 0.000000 1.000000
v 0.000000 1.000000 0.000000
v -0.666667 -0.666667 0.666667
v 0.666667 -0.666667 0.666667
v 0.666667 -0.666667 -0.666667
v -0.666667 0.666667 0.666667
v -0.666667 -0.666667 -0.666667
v 0.666667 0.666667 0.666667
v 0.666667 0.666667 -0.666667
v -0.666667 0.666667 -0.666667
vt 0.000000 0.000000
vt 0.000000 0.000000
vt 0.000000 0.000000
vt 0.000000 0.000000
vt 0.000000 0.000000
vt 0.000000 0.000000
vt 0.000000 0.000000
vt 0.000000 0.000000
vt 0.000000 0.000000
vt 0.000000 0.000000
vt 0.000000 0.000000
vt 0.000000 0.000000
vt 0.000000 0.000000
vt 0.000000 0.000000
vn -0.6667 0.3333 0.6667
vn -0.6667 -0.6667 -0.3333
vn 0.3333 -0.6667 0.6667
vn -0.3333 -0.6667 0.6667
vn 0.6667 -0.6667 -0.3333
vn 0.6667 0.3333 0.6667
vn 0.6667 -0.6667 0.3333
vn 0.6667 0.3333 -0.6667
vn -0.3333 -0.6667 -0.6667
vn -0.6667 -0.6667 0.3333
vn -0.6667 0.3333 -0.6667
vn 0.3333 -0.6667 -0.6667
vn 0.3333 0.6667 0.6667
vn -0.6667 0.6667 -0.3333
vn -0.6667 -0.3333 0.6667
vn -0.3333 0.6667 0.6667
vn 0.6667 0.6667 -0.3333
vn 0.6667 -0.3333 0.6667
vn 0.6667 0.6667 0.3333
vn -0.3333 0.6667 -0.6667
vn 0.6667 -0.3333 -0.6667
vn 0.3333 0.6667 -0.6667
vn -0.6667 0.6667 0.3333
vn -0.6667 -0.3333 -0.6667
usemtl 0
s off
f 5/1/1 4/2/1 7/3/1
f 4/2/2 3/4/2 7/3/2
f 5/1/3 7/3/3 3/4/3
f 5/1/4 3/4/4 8/5/4
f 3/4/5 2/6/5 8/5/5
f 5/1/6 8/5/6 2/6/6
f 2/6/7 3/4/7 9/7/7
f 1/8/8 2/6/8 9/7/8
f 1/8/9 9/7/9 3/4/9
f 3/4/10 4/2/10 11/9/10
f 1/8/11 11/9/11 4/2/11
f 3/4/12 11/9/12 1/8/12
f 5/1/13 6/10/13 10/11/13
f 4/2/14 10/11/14 6/10/14
f 4/2/15 5/1/15 10/11/15
f 6/10/16 5/1/16 12/12/16
f 2/6/17 6/10/17 12/12/17
f 5/1/18 2/6/18 12/12/18
f 6/10/19 2/6/19 13/13/19
f 1/8/20 6/10/20 13/13/20
f 2/6/21 1/8/21 13/13/21
f 6/10/22 1/8/22 14/14/22
f 6/10/23 14/14/23 4/2/23
f 4/2/24 14/14/24 1/8/24
